6.893382352941176627e+00
8.453410182874668166e+00
8.933717579250719965e+00
9.990393852781036088e+00
1.162343900167632960e+01
1.460134486786799357e+01
1.306436119187805645e+01
1.633045148966864346e+01
1.421709894368158267e+01
1.440922190273300529e+01
1.575408262002937576e+01
1.373679154730553265e+01
1.700288184509611966e+01
1.767531220696501748e+01
1.882804995268497450e+01
1.969260326680601025e+01
2.180595581315093057e+01
1.969260327324743542e+01
2.196691176470588047e+01
2.247838618718695969e+01
2.487992315153223544e+01
2.584053794714719743e+01
2.958693564739740367e+01
2.891450529196992747e+01
3.006724304269988579e+01
3.131604226848234163e+01
3.323727187402653271e+01
3.496637848938576099e+01
3.554274737262359452e+01
3.439000960757936554e+01
3.429394814684113868e+01
3.765609993256707355e+01
3.852065323237383865e+01
3.996157541112414435e+01
4.409221906597859686e+01
4.274735835512364446e+01
4.420955882352941302e+01
4.553314121896320898e+01
4.418828051383396627e+01
4.918347747135803161e+01
4.716618637358421040e+01
4.755043231673703730e+01
4.620557160588208490e+01
4.985590782105979457e+01
5.244956776914862218e+01
5.321805956670575455e+01
5.283381368081003870e+01
5.244956776914862218e+01
5.379442844278645453e+01
5.763688765387484381e+01
