4.503676470588235503e+00
4.226705091616262955e+00
7.300672430713284200e+00
9.510086455689268803e+00
1.373679154658981894e+01
1.777137367951251790e+01
2.190201731110627037e+01
2.439961577412259786e+01
2.795389049134497483e+01
3.246878002207515124e+01
3.707973103072068710e+01
4.053794430438196628e+01
4.438040347252753293e+01
4.822286263494738989e+01
4.975984631594732122e+01
5.225744477896364515e+01
5.792507209191519735e+01
5.917387130624622671e+01
6.075367647058823906e+01
6.032660906985902471e+01
6.195965418153720350e+01
6.849183480288407111e+01
6.426512972880280472e+01
6.676272816891628281e+01
6.810758889694837137e+01
6.945244957344904435e+01
7.060518735996468820e+01
7.031700291619864629e+01
7.454370799027991268e+01
7.233429396530392808e+01
7.310278580007818050e+01
7.646493757721555085e+01
7.780979830524763941e+01
7.713736793836874028e+01
7.560038426309452575e+01
7.425552356941670951e+01
7.849264705882352189e+01
7.723342942916694653e+01
7.684918350032839385e+01
7.905859751385295908e+01
8.088376563861893942e+01
7.684918350605410353e+01
7.944284344269149756e+01
8.146013449752250324e+01
7.953890492203828444e+01
8.222862633802246535e+01
8.424591742148201945e+01
8.088376561571610068e+01
8.290105670490136447e+01
8.136407301817571636e+01
