5.238970588235294379e+00
5.763688761164773133e+00
9.029779058597501518e+00
1.075888568719743432e+01
1.604226705162829703e+01
2.046109512090454174e+01
2.708933719010678232e+01
2.997118157623594925e+01
3.448607109980898855e+01
3.659942363398677401e+01
4.226705092117262552e+01
4.889529300182628191e+01
5.302593663950359826e+01
5.475504326774567687e+01
5.821325651277840763e+01
5.811719504488304011e+01
6.224783865679467709e+01
6.023054755329513199e+01
6.544117647058823195e+01
6.368876085272210474e+01
6.820365035911801499e+01
6.743515850430378578e+01
