4.227941176470588758e+00
5.859750240511555575e+00
8.549471662221449719e+00
1.325648415128733504e+01
1.786743515921715542e+01
2.267050913442910343e+01
2.526416908251792748e+01
3.025936599566773566e+01
3.487031701003898121e+01
3.861671470599490164e+01
4.313160424101936741e+01
4.716618639934991108e+01
4.956772337156803587e+01
4.908741599201125183e+01
5.658021138106023784e+01
5.802113356553626744e+01
6.186359273940754377e+01
6.253602308338359705e+01
6.351102941176471006e+01
6.810758890267408106e+01
6.820365036484372467e+01
6.705091261840804862e+01
7.002881845239259917e+01
7.195004807081964771e+01
7.175792511212608815e+01
6.839577334071442749e+01
7.252641692972319731e+01
