3.113857157090130841e+02
3.075625910653619144e+02
3.008313626995691266e+02
2.890696489387241286e+02
2.652368435369559734e+02
2.521299818407217970e+02
2.289750767945098460e+02
2.183036470046762361e+02
2.064854654294727823e+02
1.926518132203365212e+02
1.747295973394835471e+02
1.551443311941383172e+02
1.496574644854616167e+02
1.391629197182962230e+02
1.251947807761823555e+02
1.276761274859953232e+02
1.147890226298175662e+02
1.152338613808784942e+02
9.973837242406958126e+01
1.035369582524331662e+02
9.429181609785865703e+01
9.464251243873471253e+01
