3.125694541370167485e+02
3.088761364692226152e+02
3.065853110422432906e+02
2.961753019338382273e+02
2.834372153543257582e+02
2.625831041510121509e+02
2.512614015428980849e+02
2.363628074598358069e+02
2.189210634295695286e+02
2.068497877872185029e+02
1.942846651150559580e+02
1.799383396603074061e+02
1.683074265346288882e+02
1.524350529101808718e+02
1.488428146992590939e+02
1.512091885840629288e+02
1.296752667793508351e+02
1.199809413363908277e+02
1.160731662722194812e+02
1.217930449303472216e+02
1.141692549190649544e+02
1.015922295257062586e+02
1.071657661631288221e+02
9.846520486299402819e+01
9.267570239551700695e+01
8.834564341420055200e+01
9.038935495499346473e+01
8.775699452410285062e+01
7.713358267698004056e+01
7.734876512679539928e+01
7.720731881006076947e+01
7.300094299655368957e+01
7.070468854262895775e+01
7.005237071818737604e+01
7.053747241824549974e+01
7.571369771426051898e+01
6.775694191455841064e+01
7.116020864070779339e+01
7.004494223310669554e+01
6.648746717445673937e+01
5.471204006248202489e+01
7.050661707474105810e+01
6.609093515375963079e+01
5.872848490959857770e+01
5.548575439782925400e+01
5.939154948441599657e+01
5.212582717940397004e+01
5.600643190881818612e+01
5.172741282570258647e+01
5.329106377364350067e+01
