1.169152747883516213e+03
1.091118682656118608e+03
1.000411202195283863e+03
9.166118769320471529e+02
8.651538271267293112e+02
7.194280840592471122e+02
6.038227127104511283e+02
5.388086415161660625e+02
5.062016821503066240e+02
4.417123947546645013e+02
4.522094483792381538e+02
4.289717998559605121e+02
3.690369966737818572e+02
3.338358143450089415e+02
3.157700099358755779e+02
3.201146672713309727e+02
3.256400967881040174e+02
3.332813316761130409e+02
3.032184811199412593e+02
2.848314039988889022e+02
2.667532076638667604e+02
2.655709754722147977e+02
2.488588305302930621e+02
2.469713904557608544e+02
2.420317593729347436e+02
2.320989687550422786e+02
2.222438757747096929e+02
2.166389650157961455e+02
2.158451721716339478e+02
2.211989623554387094e+02
2.130169349032795196e+02
2.062297793103455490e+02
1.953643164648446202e+02
1.912009027574522690e+02
1.891609466385085625e+02
1.885804161672747910e+02
1.788068168303545633e+02
1.715988121733541902e+02
1.741916613894855743e+02
1.616669806004944689e+02
1.668314135612832274e+02
1.673742582200240179e+02
1.700012737346542906e+02
1.579084574317382419e+02
1.465875381237033821e+02
1.465990438814007462e+02
1.445976421308563431e+02
1.456539321243476763e+02
1.375773863650421731e+02
1.348511283610670830e+02
