3.111509351169361821e+02
3.080150191538844524e+02
2.993762317010694574e+02
2.791541282313014563e+02
2.622407904504927956e+02
2.484566194752337083e+02
2.343672521061672569e+02
2.201322999857115406e+02
2.017862549661788591e+02
1.848994748851178826e+02
1.778866806818131181e+02
1.587059551425900850e+02
1.486633730324040812e+02
1.485127887510543303e+02
1.323035549705241465e+02
1.258352326499396554e+02
1.151980953074555032e+02
1.110905305395666858e+02
1.121381125029395633e+02
9.586486590813262865e+01
8.945116346324441281e+01
9.777080810035683101e+01
9.090871299034580488e+01
8.746348666411884665e+01
8.162533997573265765e+01
9.100366258254770457e+01
8.339383808840477741e+01
