4.891304347826086918e+00
8.046767543975720471e+00
1.836313617811570253e+01
2.575653370218723026e+01
3.318431913196794625e+01
4.215955984313681171e+01
4.602581521739130466e+01
5.055020631507469631e+01
5.536451167548703012e+01
5.790921596418220219e+01
6.217331500951984680e+01
6.303301238784108307e+01
6.134510869565217206e+01
6.554332874828060085e+01
6.629986242382202022e+01
6.636863824753847041e+01
6.881017882525510743e+01
7.004814303724768365e+01
7.133152173913043725e+01
7.207702888583217771e+01
7.410591471801926389e+01
7.297111418421036433e+01
7.427785421172067970e+01
7.414030259708262349e+01
7.472826086956521863e+01
7.548143051185502372e+01
7.496561210453920410e+01
7.616918847026326489e+01
7.640990371389271729e+01
7.747592845678002504e+01
7.907608695652173481e+01
7.929848694899715156e+01
7.771664371680688532e+01
7.637551580203448509e+01
7.981430535631297118e+01
7.953920222542144813e+01
7.921195652173913970e+01
7.816368636599597153e+01
8.033012382101979654e+01
7.953920218442787871e+01
8.115543328748280771e+01
8.105226958470298371e+01
8.169157608695651618e+01
8.146492436302740714e+01
8.084594220373948303e+01
8.160247595306931601e+01
8.177441543037330973e+01
8.204951859405969117e+01
8.125000000000000000e+01
8.273727645408335718e+01
8.232462170855379213e+01
8.425034385435846218e+01
8.284044014046575910e+01
8.246217332319183413e+01
8.445667124352068811e+01
8.386548913043478137e+01
8.442228336445730008e+01
8.373452544704264255e+01
8.507565335361633174e+01
8.493810177997185917e+01
8.517881703180000841e+01
8.505434782608695343e+01
8.473177440720705533e+01
8.521320496005564848e+01
8.511004124907712765e+01
8.665749658580659798e+01
8.462861072082466762e+01
8.505434782608695343e+01
8.579779918288922147e+01
8.572902336737148232e+01
8.397524070706950283e+01
8.517881707279357784e+01
8.583218709474745367e+01
8.488451086956521863e+01
8.717331498492370656e+01
8.710453922679695893e+01
8.555708388186879176e+01
8.741403027774543943e+01
8.641678130118359036e+01
8.525815217391304657e+01
8.511004125727583869e+01
8.648555708390645691e+01
8.741403026954671418e+01
8.648555709210518216e+01
8.751719392313425772e+01
8.648097826086956275e+01
8.689821183763474721e+01
8.734525444583026399e+01
8.638239338932535816e+01
8.648555709210518216e+01
8.552269603560026212e+01
8.753396739130434412e+01
8.796423658052205496e+01
8.789546081419659629e+01
8.820495184874764050e+01
8.796423659691949126e+01
8.775790922415470163e+01
8.906250000000000000e+01
8.786107291873580039e+01
8.844566710877451499e+01
