5.555555555555555358e+00
1.321637426900584877e+01
2.140350877454406486e+01
3.157894736493539867e+01
3.985380116261934091e+01
4.611111111285393349e+01
5.307017543162518791e+01
5.637426902676185847e+01
6.178362574493675652e+01
6.263157896131102831e+01
6.695906430657146302e+01
6.640350878587243244e+01
6.681286547616210214e+01
6.950292396963688191e+01
7.087719298245613686e+01
7.143274855892560993e+01
7.429824561403508199e+01
7.339181286549707295e+01
7.546783624336732998e+01
7.649122809108934007e+01
7.649122805623282773e+01
7.657894738933495660e+01
7.801169590643274887e+01
7.698830410750986175e+01
7.859649122807017818e+01
8.014619883738065198e+01
7.885964912280701355e+01
7.912280700360125252e+01
8.125730996243437687e+01
7.921052632973207608e+01
8.114035086325037582e+01
8.143274855892560993e+01
8.192982458231742271e+01
8.298245614035087669e+01
8.116959065024616393e+01
8.347953217071399479e+01
8.286549706208077737e+01
8.438596489136679679e+01
8.122807017543858876e+01
8.315789472987080444e+01
8.362573098718074505e+01
8.456140350877193157e+01
8.456140350180062626e+01
8.476608188528763321e+01
8.602339179195158181e+01
8.385964914372092949e+01
8.467836258007072558e+01
8.520467836954441054e+01
8.476608187134503680e+01
8.716374267611587356e+01
8.576023393904256409e+01
8.622807015452468704e+01
8.634502923279477216e+01
8.657894738933495660e+01
8.564327486774378428e+01
8.608217592592592382e+01
8.657894737539236019e+01
8.637426901281925495e+01
8.719298244219774574e+01
8.634502924673738278e+01
8.643274855195430462e+01
8.722222223616482495e+01
8.830409354633755470e+01
8.783625732388412644e+01
8.877192981061880062e+01
8.695906432051407364e+01
8.763157894039711948e+01
8.807017541768257729e+01
8.836257307850129905e+01
8.868421050540187878e+01
8.745614033693458111e+01
8.792397658727321641e+01
8.795321636032640811e+01
8.698830408659594582e+01
8.687134502226847133e+01
8.771929822470012539e+01
8.733918130746361896e+01
8.675438595794098262e+01
8.795321639518292045e+01
8.669590641880593296e+01
8.853801167499251790e+01
8.827485378025568252e+01
8.845029241857473323e+01
8.897660818016319695e+01
8.839181288641098888e+01
8.809941522559226712e+01
8.926900586189582043e+01
8.915204680453963704e+01
8.953216374966136470e+01
8.845029239068951199e+01
8.871345027148375095e+01
8.801169591340405418e+01
8.950292396266557660e+01
8.997076022694682251e+01
8.953216375663267002e+01
8.868421054722969643e+01
8.929824563494899792e+01
9.026315788776554427e+01
8.994152044692235393e+01
8.938596491925200382e+01
9.076023393207125878e+01
9.040935673211750156e+01
8.874269005150823375e+01
8.938596491925200382e+01
9.073099416598938660e+01
9.040935671817489094e+01
9.052631579644499027e+01
8.970760231826737652e+01
9.032163744084319035e+01
8.912280702451515424e+01
8.955439814814815236e+01
8.991228069478309237e+01
8.970760234615259776e+01
9.023391812865496320e+01
8.903508772626955192e+01
9.096491230161566932e+01
8.947368422446892566e+01
9.134502925370868809e+01
8.950292396963688191e+01
9.093567252856249183e+01
9.090643274156671794e+01
9.076023393207125878e+01
9.040935671120358563e+01
9.116959064327485862e+01
9.032163740598667800e+01
9.046783625730994061e+01
9.102339179195159602e+01
9.014619883738066619e+01
9.160818714844552346e+01
9.073099416598938660e+01
8.988304091475860957e+01
9.008771931218821294e+01
9.195906434142798958e+01
9.078947367723921502e+01
9.128654971457363843e+01
9.152046781534339459e+01
9.084795319546036296e+01
9.096491229464436401e+01
9.137426900584794964e+01
9.195906430657146302e+01
9.096491228070175339e+01
9.116959063630355331e+01
9.119883040238542549e+01
9.108187134502924209e+01
8.994152046086495034e+01
9.195906432748537895e+01
9.254385966306540467e+01
9.134502921885217575e+01
9.163742687967088330e+01
9.078947367723921502e+01
9.111111113202503020e+01
9.090643276248061966e+01
9.125730993454916984e+01
9.122807016846728345e+01
9.248538013787297984e+01
9.266081869253638104e+01
9.192982457534611740e+01
9.181286551101862869e+01
9.137426900584794964e+01
9.111111112505372489e+01
9.108187132411532616e+01
9.175438597885488434e+01
9.292397662910104827e+01
9.222222223616482495e+01
9.128654968668843139e+01
8.952546296296296191e+01
9.143274855195430462e+01
9.225146196739018478e+01
9.219298243522644043e+01
9.181286547616210214e+01
9.087719297548483155e+01
9.143274851709777806e+01
9.201754387359173393e+01
9.087719299639874748e+01
9.152046782928600521e+01
9.090643274156671794e+01
9.166666664575275547e+01
9.301169592037535949e+01
9.143274854498299931e+01
9.222222222919353385e+01
9.128654968668843139e+01
9.222222220130831261e+01
9.143274853104040290e+01
9.225146200224669712e+01
9.184210524224398853e+01
9.233918130049231365e+01
9.181286550404732338e+01
9.125730995546307156e+01
9.213450293791922263e+01
9.269005849347476556e+01
9.163742687967088330e+01
9.230994149955392913e+01
9.318713448201006599e+01
9.257309939429076451e+01
9.143274851709777806e+01
9.219298246311164746e+01
9.152046781534339459e+01
9.143274854498299931e+01
9.160818712753162174e+01
9.228070174741466758e+01
9.248538012393036922e+01
9.309941521862097602e+01
9.394736843499524070e+01
9.269005845861825321e+01
9.342105264552155575e+01
9.228070176832858351e+01
9.254385964215150295e+01
9.283625728902761409e+01
9.233918130049231365e+01
9.187134503621106774e+01
9.283625729599891940e+01
9.131578948065552481e+01
9.216374269005848419e+01
9.242690057782402846e+01
9.219298245614034215e+01
9.312865494984632164e+01
9.315789475078470616e+01
9.184210524921529384e+01
9.093567249370597949e+01
9.184210524224398853e+01
9.207175925925925242e+01
9.207602337089895173e+01
9.184210524224398853e+01
9.160818714844552346e+01
9.163742691452739564e+01
9.236842103171767349e+01
9.286549706905208268e+01
9.271929826652794304e+01
9.233918126563580131e+01
9.309941519770706009e+01
9.286549705510948627e+01
9.149122804926153663e+01
9.154970758142526677e+01
9.233918129352100834e+01
9.274853802563850991e+01
9.368421050540187878e+01
9.225146200224669712e+01
9.204678363270230079e+01
9.312865494984632164e+01
9.444444443747313755e+01
9.345029241160342792e+01
9.362573100809466098e+01
9.312865497076023757e+01
9.321637428294845051e+01
9.321637427597715941e+01
9.307017545253908963e+01
9.248538010998775860e+01
9.181286551101862869e+01
9.324561401417381035e+01
9.230994149955392913e+01
