7.233796296296296724e+00
9.298245614035087314e+00
9.795321638734019842e+00
9.678362574406534691e+00
1.052631579078080293e+01
1.178362573360839072e+01
1.175438596578369399e+01
1.467836257571365444e+01
1.687134503272541863e+01
1.839181286636848967e+01
2.122807018066707485e+01
2.315789473858492897e+01
2.751461989001223785e+01
2.798245613686522404e+01
3.087719298942744217e+01
3.511695905387053074e+01
3.757309941171902778e+01
3.985380116610499357e+01
4.356725147244526397e+01
4.423976608187134474e+01
4.669590643274854358e+01
4.868421052283014205e+01
5.043859649122806843e+01
5.166666665272406078e+01
5.304093565857201042e+01
5.312865496030327961e+01
5.339181285504012209e+01
5.423976608884264294e+01
5.652046783625731763e+01
5.608187135200054740e+01
5.634502926067999340e+01
5.836257309244390257e+01
6.058479532163742931e+01
6.008771927733170770e+01
6.254385962820889944e+01
6.242690057782402135e+01
6.289473684907657258e+01
6.263157893342581417e+01
6.368421053328708581e+01
6.239766079779953856e+01
6.646198831803616258e+01
6.456140349482933516e+01
6.646198831803616258e+01
6.573099415901808129e+01
6.710526314395212921e+01
6.614035087022168113e+01
6.403508771929824661e+01
6.383040936369644669e+01
6.739766083265605801e+01
6.736842105263157521e+01
6.877192981061878641e+01
6.663742690755609033e+01
6.795321637775465717e+01
6.853801168893512852e+01
6.865497073932000660e+01
6.822916666666665719e+01
6.959064326091119312e+01
7.084795323031687531e+01
7.146198832500746789e+01
7.026315788079423896e+01
7.076023393207125878e+01
7.078947366329661861e+01
7.070175439990752864e+01
7.146198831106487148e+01
7.093567253553378293e+01
7.143274855892560993e+01
7.236842103868896459e+01
7.304093565857201042e+01
7.178362573796545121e+01
7.233918130049231365e+01
7.204678361178838486e+01
7.324561405600162800e+01
7.464912282096014451e+01
7.254385966306541889e+01
7.280701752991703302e+01
7.353801171682033555e+01
7.385964912280701355e+01
7.429824560009248557e+01
7.564327487471508960e+01
7.529239768173262348e+01
7.383040934278254497e+01
7.497076021300421189e+01
7.491228070175438347e+01
7.564327486774378428e+01
7.532163741295796910e+01
7.573099416598940081e+01
7.649122807714674366e+01
7.505847951822113373e+01
7.535087721389636783e+01
7.707602339878417297e+01
7.573099413810417957e+01
7.663742690058479923e+01
7.730994154138174679e+01
7.619883042329934142e+01
7.716374271097240012e+01
7.865497074629131191e+01
7.725146200921800244e+01
7.780701755780225426e+01
7.923976606792874122e+01
8.000000000000000000e+01
7.818713448201006599e+01
7.742690057782401425e+01
7.771929822470012539e+01
7.888888890283149635e+01
7.801169589249013825e+01
7.812865497076023757e+01
7.356725147593090242e+01
6.818713449595267662e+01
6.239766083962735621e+01
6.877192980364749531e+01
7.167245370370370949e+01
7.371345030634026330e+01
7.555555555555555713e+01
7.453216374966136470e+01
7.675438597188359324e+01
7.675438594399837200e+01
7.850877192982456165e+01
7.722222221525092323e+01
7.786549709693730392e+01
7.783625729599890519e+01
7.827485381511219487e+01
7.926900586886712574e+01
8.023391813562626851e+01
7.912280703845776486e+01
7.760233916037263668e+01
8.011695906432748870e+01
7.970760235312390307e+01
8.038011697300693470e+01
7.909356725843329627e+01
7.961988304093566171e+01
7.967836255218550434e+01
8.076023389721473222e+01
8.049707603733442340e+01
8.078947368421052033e+01
8.122807019635250469e+01
8.043859648425676312e+01
8.087719299639874748e+01
8.000000000000000000e+01
8.049707602339181278e+01
8.070175440687881974e+01
8.131578948762681591e+01
8.163742692149870095e+01
8.154970759536787739e+01
7.646198830409356617e+01
7.707602340575546407e+01
7.967836257309942027e+01
8.149122808411804897e+01
8.119883040935673080e+01
8.061403508771928728e+01
8.023391811471236679e+01
