5.671296296296296724e+00
1.552631579208792267e+01
2.426900585318169234e+01
3.514619883040936088e+01
4.248538012393036922e+01
4.953216374617571205e+01
5.532163741644362176e+01
5.769005847256085673e+01
6.274853801518155194e+01
6.315789472638515178e+01
6.447368420355500973e+01
6.830409355330886001e+01
6.833333334727593922e+01
7.020467835560178571e+01
7.239766083265605801e+01
7.266081870647899166e+01
7.353801170287773914e+01
7.479532165136950539e+01
7.520467838348700695e+01
7.678362571705153528e+01
7.660818714844552346e+01
7.678362575190806183e+01
7.903508769838433068e+01
7.830409358816537235e+01
7.956140350180062626e+01
7.842105261763634871e+01
7.885964914372092949e+01
7.891812864102814729e+01
7.970760233220998714e+01
8.087719298245613686e+01
7.853801170984904445e+01
8.201754387359171972e+01
8.274853801866720460e+01
8.222222221525092323e+01
8.175438597188357903e+01
8.216374268308716466e+01
8.181286547616211635e+01
8.315789471592819382e+01
8.356725145501700069e+01
8.266081869253638104e+01
8.441520468533387600e+01
8.327485382208350018e+01
8.315789471592819382e+01
8.400584794624506912e+01
8.336257307850128484e+01
8.409356727237590690e+01
8.546783625033863530e+01
8.312865499167413930e+01
8.488304092870122020e+01
8.564327484682986835e+01
8.590643272762410732e+01
8.535087718601116080e+01
8.605263159986127164e+01
8.543859649819937374e+01
8.681286549010471276e+01
8.692129629629629051e+01
8.666666664575275547e+01
8.687134502226847133e+01
8.716374269702977529e+01
8.669590643971983468e+01
8.637426899887664433e+01
8.596491230161566932e+01
8.847953218465659120e+01
8.654970759536787739e+01
8.736842103868896459e+01
8.818713448201006599e+01
8.675438597188357903e+01
8.622807019635250469e+01
8.692982455443220147e+01
8.678362571705154949e+01
8.716374269702977529e+01
8.614035087022168113e+01
8.751461987606963078e+01
8.795321635335508859e+01
8.906432749235142410e+01
8.707602338484156235e+01
8.751461986909832547e+01
8.719298247705425808e+01
8.888888890283149635e+01
8.733918127957839772e+01
8.804093565160070511e+01
8.774853801866720460e+01
8.894736844196654602e+01
8.859649123504146928e+01
8.856725144107439007e+01
8.964912282096014451e+01
8.894736841408132477e+01
8.918128652879369156e+01
8.821637428991977004e+01
8.824561402811642097e+01
9.002923974516797045e+01
8.812865499167415351e+01
8.827485381511219487e+01
8.912280703845777907e+01
8.967836255218550434e+01
8.935672513922752103e+01
8.918128656365020390e+01
8.985380116261933381e+01
8.885964911583570824e+01
9.038011696603562939e+01
8.888888890980280166e+01
9.032163740598667800e+01
9.046783625033863530e+01
8.970760236009519417e+01
8.853801168893512852e+01
8.847953214282877354e+01
8.956140351574323688e+01
8.964912281398883920e+01
9.023391814956887913e+01
8.961988306184957764e+01
8.967013888888888573e+01
8.964912281398883920e+01
8.923976610278525357e+01
9.040935673908880688e+01
8.891812866891336853e+01
9.096491227373044808e+01
8.967836258007071137e+01
9.055555554161294651e+01
9.061403510166189790e+01
9.035087717206855018e+01
9.175438595794098262e+01
9.061403508074799618e+01
9.143274853104040290e+01
9.076023391812864816e+01
8.915204676968312469e+01
8.953216373571875408e+01
9.011695905735618339e+01
9.046783625033863530e+01
9.116959065024616393e+01
9.169590645366244530e+01
9.239766083265605801e+01
9.040935672514619625e+01
9.131578945277030357e+01
8.982456141048007225e+01
9.032163744084319035e+01
9.149122807017543835e+01
9.105263159986127164e+01
9.011695907129877980e+01
9.081871342937847658e+01
9.076023389721474643e+01
8.935672512528492462e+01
9.023391814259757382e+01
9.052631578947368496e+01
9.146198831803616258e+01
9.064327483288725773e+01
9.017543857557731712e+01
9.084795319546036296e+01
9.157894736144974956e+01
9.181286551798993401e+01
9.099415206072623619e+01
