3.088388412087052188e+02
2.829335572426779208e+02
2.480503880071361209e+02
2.073964520922878307e+02
1.816754271273027257e+02
1.579998918444092624e+02
1.396968664481625808e+02
1.313419036558497055e+02
1.162775934091088317e+02
1.105695437478740217e+02
1.005752600842749018e+02
9.720013768352264094e+01
9.717085527397735234e+01
9.003252853427017044e+01
8.630077191960742766e+01
8.312284156592966156e+01
8.027535020956518963e+01
7.889204255321568837e+01
7.265764458137645931e+01
6.961647274201376945e+01
6.911689614691928796e+01
7.148350664398125787e+01
6.753203501478273552e+01
6.908971449785065033e+01
6.286455167664421850e+01
5.953772553923533906e+01
6.238127200227035019e+01
6.198223651501169940e+01
5.521694990975117889e+01
6.101307824166894989e+01
5.521940069589000899e+01
5.624471032828615336e+01
5.364778776614986811e+01
5.225855347008733531e+01
5.689970365393230622e+01
5.159481194284227001e+01
5.355509725927609566e+01
4.915843033999727396e+01
5.532026927373562586e+01
4.995877544085185207e+01
4.985459045359962715e+01
4.601005273952819152e+01
4.701269273869475285e+01
4.612706005747555338e+01
4.277346094275078769e+01
4.685608784009141203e+01
4.633041046516240158e+01
4.466004414168017433e+01
4.557526683946799295e+01
4.009665999496192512e+01
4.280790856010035839e+01
4.187402713368510376e+01
4.236560335633350149e+01
4.143959686421511890e+01
4.033845746377755859e+01
4.076091782362372840e+01
4.169476165757541963e+01
4.037475616262670286e+01
3.961798343742103157e+01
4.273511754490478864e+01
4.136675230592314989e+01
4.037895279843905172e+01
3.740018430683348072e+01
3.704238099922910976e+01
3.796997818681929004e+01
3.879105632068121423e+01
3.944373058993914327e+01
3.740921736460680336e+01
3.664056869975307507e+01
3.534902853226801511e+01
3.923538309091713217e+01
3.696211749872966124e+01
3.598658633510968485e+01
3.809948577169786432e+01
3.764553565379472388e+01
3.864679403820930048e+01
3.801115156614292800e+01
4.057353204802463154e+01
3.508563887306124229e+01
4.377301941838180710e+01
3.476452307742938785e+01
3.654237977419680306e+01
3.617625481901113460e+01
3.298286664555644876e+01
3.608138122405225090e+01
3.545430695801450582e+01
3.187123563728834341e+01
3.400664830765528990e+01
3.263867310613219530e+01
3.509226800405490820e+01
3.396595061522478431e+01
3.780562492141946507e+01
3.306338302573265508e+01
3.101448327128650106e+01
3.168516407846010452e+01
3.595249104569530374e+01
3.236874431894536031e+01
3.125092448546872248e+01
3.179038045699136461e+01
3.049201057319752550e+01
2.880143095875344272e+01
2.950076482100793385e+01
3.429332593031097076e+01
3.442843759966175554e+01
2.883471990886487646e+01
2.990158268582750978e+01
3.077752057920422502e+01
3.304728201606817350e+01
2.734125628283149467e+01
3.288755748355598030e+01
3.006835539859753936e+01
3.106536308227226684e+01
3.006003822150983140e+01
3.097396936332970085e+01
3.434020945551799286e+01
2.735610210058981906e+01
3.394473052512832822e+01
2.845463294383377928e+01
3.371330442832924490e+01
3.061455208829968910e+01
2.705326903981772446e+01
2.882631747084751339e+01
2.965800885568585343e+01
2.689263549725911417e+01
2.987977200171403780e+01
3.044653486177237767e+01
2.807594215050775333e+01
3.152292332105469086e+01
2.790133041335128183e+01
2.855976056982899181e+01
3.112884811839165167e+01
3.090238707107409866e+01
2.639835161162398691e+01
2.730574349910892096e+01
2.788006697481835872e+01
2.761774622731738660e+01
2.843370060823117029e+01
2.704166261599078069e+01
2.844496661590205022e+01
2.424693971698047079e+01
2.797685220227604219e+01
2.663426752676043563e+01
2.792187116996586838e+01
2.916229854201712968e+01
2.893571048452143302e+01
2.506958194207726720e+01
2.412288566604692264e+01
2.821586709622054201e+01
2.560836255898949432e+01
3.051439714710614837e+01
2.778813561849426961e+01
2.830374666821887075e+01
2.672769385471679016e+01
2.909422522051292503e+01
2.414516360439055020e+01
2.221797226465236363e+01
2.672622621233700002e+01
2.476089639621868344e+01
2.604377336015826927e+01
2.815148595742315152e+01
2.900933369209892021e+01
2.560379911584463741e+01
2.192029206027761745e+01
2.554826351154965636e+01
2.743175572993462552e+01
3.337591429827389788e+01
2.769525687945516523e+01
2.492207078905830642e+01
2.622737874413094161e+01
2.759314760652899068e+01
2.906123514761004145e+01
2.696378104867990899e+01
2.477257145252841397e+01
2.870352052457151260e+01
2.711703390057324015e+01
3.024955214812741744e+01
2.605271142825745656e+01
2.197664602196704564e+01
2.573033311910796783e+01
2.417736756522753083e+01
2.877173511256948402e+01
2.692009040486743032e+01
2.826539844797368772e+01
2.459271900137962774e+01
2.738225465629533062e+01
2.418526744633390280e+01
2.589870445735273208e+01
2.717964311092220697e+01
2.603755429299951629e+01
2.318083418565883846e+01
2.534920603559728391e+01
2.471052430003707201e+01
2.226691374653264077e+01
2.344416857288594969e+01
2.502439723813045802e+01
2.479774372270929916e+01
2.698372248930540707e+01
2.677876953841650121e+01
2.651666858130031201e+01
2.397652267189750930e+01
2.361251665834794977e+01
2.315975159755227253e+01
1.995498865668536581e+01
2.402234161632102882e+01
2.027995568095591850e+01
2.456351349054024169e+01
2.560947032351242925e+01
2.426972457191400423e+01
2.484369698323701670e+01
2.623806218654788935e+01
2.180685693757575905e+01
2.794668335489362576e+01
2.547830416445146540e+01
2.507211289559191414e+01
2.609390117533025943e+01
2.070741244749716259e+01
2.292644499338161168e+01
2.666781863971063160e+01
2.978996752995496422e+01
2.691817859111473155e+01
2.509817434819759896e+01
2.421262764442733939e+01
2.656831963020458431e+01
2.827890752787478590e+01
2.723153667143213852e+01
2.458957667587793239e+01
2.365467878461581108e+01
2.395604440343310060e+01
2.437357321468710225e+01
2.196956544765951946e+01
2.188105419016720887e+01
2.753886532190947278e+01
2.646327529211490770e+01
2.313861350915585291e+01
2.291187177450336065e+01
2.082701665964740201e+01
2.612850913353133464e+01
2.749690576254972996e+01
2.073180893011260650e+01
1.999355795787788992e+01
2.174511455740147881e+01
2.046481398636834825e+01
2.411539040854451343e+01
2.051011543699175377e+01
2.359975763928820314e+01
2.169812076447302829e+01
2.403046346547310819e+01
2.505748901799408301e+01
2.262040713115742463e+01
2.540465698430412544e+01
