1.082619479850486414e+03
8.635170132374902323e+02
5.652296142689666567e+02
4.063358508773714561e+02
3.598111295421221030e+02
3.351694654163561040e+02
3.348969008629782138e+02
3.241983433773643242e+02
3.075758404759635596e+02
2.925604669392457140e+02
2.830467278218408751e+02
2.716554151501571823e+02
2.473310147112572963e+02
2.457862173325834192e+02
2.294801045718946000e+02
2.071874675137257782e+02
1.974333765911080150e+02
1.894384145178989911e+02
1.730288019236068351e+02
1.707440187359413812e+02
1.639031657001428357e+02
1.567931133543538920e+02
1.514102686357776975e+02
1.424255159166123974e+02
1.385220903820461729e+02
1.402501039755971988e+02
1.409102274521052323e+02
1.382926866603873748e+02
1.296265029488948528e+02
1.296324440192060763e+02
1.245691033552961784e+02
1.247763107534040472e+02
1.169248085482078636e+02
1.211197555204580993e+02
1.143314582980864174e+02
1.097029031926428360e+02
1.114284552607619929e+02
1.088502756754557339e+02
1.100240417530662143e+02
1.094904240878701955e+02
1.043754389550950918e+02
1.027262294013597739e+02
9.995830950681229865e+01
1.010715022421719880e+02
9.877206032039129013e+01
9.777707843055502224e+01
1.081119852944424338e+02
1.093365163133855447e+02
9.620467632834673566e+01
9.490690545729029282e+01
9.144861714881763248e+01
1.016452931312092431e+02
9.584529070826302188e+01
9.373664568042197232e+01
9.290256268099734882e+01
9.320675454757831346e+01
9.009382017174660007e+01
8.515800659419500107e+01
8.651473205689100610e+01
8.757586211488957417e+01
8.716303967593009361e+01
8.617896565916942109e+01
8.619716865277430884e+01
8.359169743911564865e+01
8.651688575047498375e+01
8.252533253870511487e+01
8.349900015613489757e+01
8.109197860572770367e+01
8.472265168937326507e+01
8.112272871168035238e+01
8.084995904861138172e+01
7.936228740982144814e+01
7.754713975198087894e+01
7.939535781654001312e+01
7.954650774336697339e+01
7.727901254481042770e+01
7.523643774595873879e+01
7.651021454069349659e+01
7.194549525690358394e+01
7.309768054220411670e+01
7.418861840203490488e+01
7.231543086425602951e+01
7.393116361216495136e+01
7.100098455858508828e+01
7.224801171592801552e+01
7.029750513751605467e+01
7.010397402863753769e+01
7.130245974886486238e+01
6.933313070682056889e+01
6.755626646050235706e+01
7.129003531054446796e+01
6.777706643991302826e+01
6.727084896717852303e+01
6.796476780322559819e+01
6.438127346903259252e+01
6.424216450306407467e+01
6.693748338180675717e+01
6.457256503272475356e+01
6.070111703454402630e+01
6.099483039644029247e+01
6.412360684564936264e+01
6.804611686726063624e+01
6.560146435659531505e+01
5.903268975124024109e+01
6.649924213426155006e+01
6.539311678088895974e+01
9.278867515904164520e+01
1.163846279584873429e+02
1.268581792625070364e+02
9.535231387406064130e+01
8.459859534546181692e+01
7.729655325761315510e+01
7.208794305896201138e+01
7.519877617819267357e+01
6.834224684196605892e+01
6.814530315454940990e+01
6.268436537848578638e+01
6.620224489803202061e+01
6.437954840604325568e+01
6.505491638741297322e+01
6.217536786843461982e+01
6.163441997522499349e+01
5.732157497726685591e+01
6.039241641585589804e+01
6.517175284045481476e+01
5.942330393177724090e+01
6.042898899630496601e+01
5.744890137896901194e+01
5.984855860297443542e+01
5.874856428444733325e+01
5.873133609169407521e+01
5.777442202233431345e+01
5.731040424770779396e+01
5.765491578314039600e+01
5.505742288472359292e+01
5.811945596633598399e+01
5.558951490803768536e+01
5.843235485734995649e+01
5.720695862296032175e+01
5.543951708322379801e+01
5.427169315299094876e+01
5.362551048485158844e+01
5.546079141354700681e+01
7.431631866951434517e+01
6.777726434127629318e+01
5.777909095524347549e+01
5.547329870232364613e+01
5.423549542650144417e+01
5.659156736574675506e+01
5.731261846266294668e+01
