3.097886940707331291e+02
2.970106356737538249e+02
2.561268357168037255e+02
2.196204042828230456e+02
1.983220273559654174e+02
1.760698362590522095e+02
1.499957475973212127e+02
1.432273311332954506e+02
1.310686258863058242e+02
1.220689697065576524e+02
1.132421729571225768e+02
1.090220682558692005e+02
1.001591396072636542e+02
1.004817893531332373e+02
9.694563778427313139e+01
8.738094955231825622e+01
8.916226732845647973e+01
8.629152256652118069e+01
8.404497232126153961e+01
8.075707787660654446e+01
7.282913331316458994e+01
7.562310704666778349e+01
7.396047156319494320e+01
6.818628426759082117e+01
7.059353602969127905e+01
7.026170780766945256e+01
6.836532410925980230e+01
6.280503467319755373e+01
6.501012416005626449e+01
6.383777564132721949e+01
6.383437047833982092e+01
5.842437750699595256e+01
6.007002448609311074e+01
5.889031752595547431e+01
5.664983619686005767e+01
5.795341685024875034e+01
5.520817358856615442e+01
5.327129438826929686e+01
5.318973688754616092e+01
5.028468036749995917e+01
4.997585152661456220e+01
5.074578080085480991e+01
5.306039465510327346e+01
5.134746622104592007e+01
4.786058094511334104e+01
4.922611299579376265e+01
4.754175108433425834e+01
4.929597172706785813e+01
4.976441529781921957e+01
4.782788723174282808e+01
5.267646780040274024e+01
4.469649684314386917e+01
4.180329543483306765e+01
4.567341565101970247e+01
4.483568280566345265e+01
4.378212709789690393e+01
4.591376906084062881e+01
4.090369614315164171e+01
4.108622764663814309e+01
4.106847285568468209e+01
4.221621550916805177e+01
4.474880199717438956e+01
4.234018864051184039e+01
4.470388728617965768e+01
3.888337740871896386e+01
4.394220083419033784e+01
3.610302540057298870e+01
3.888342882628026587e+01
4.092750142250297074e+01
4.178571086556252823e+01
3.885005841228952050e+01
3.654512294261950700e+01
3.887258192532000578e+01
3.830333442791648224e+01
3.832602745237179676e+01
3.561831045757461567e+01
3.536633395345207731e+01
4.188894846334417821e+01
3.682072529110652681e+01
3.679943907520045343e+01
3.608030418582271182e+01
3.718544099444044093e+01
3.454700255000443576e+01
3.717431495737340441e+01
3.501933427960540968e+01
3.388319041417992850e+01
3.580290398661667695e+01
3.502764335360782866e+01
3.642015744928152543e+01
3.284540314334950750e+01
3.623428889531052732e+01
3.245526448540065445e+01
3.177007638850599136e+01
3.275399685643890280e+01
3.860198411029831789e+01
3.295761308283064750e+01
3.366456157034659924e+01
3.224728227309558548e+01
3.277823859838540699e+01
3.175091491358807971e+01
3.134841063409593076e+01
3.486736732159717178e+01
3.029598298968114278e+01
3.429871585382067423e+01
3.103887271110424351e+01
3.305772793834114509e+01
3.155437739671014441e+01
3.338483806489422534e+01
3.930985147884164377e+01
3.360326608650622404e+01
3.402280749186225250e+01
3.095653802566383916e+01
3.068254817548775648e+01
3.210231774938811355e+01
3.255671536988044323e+01
3.109589191217698101e+01
3.304510113337765631e+01
3.252037272902597920e+01
2.987871492253372807e+01
3.035848893768357470e+01
3.110008983625588286e+01
3.268713472920893537e+01
2.864250663020040832e+01
3.017983073586447063e+01
3.006902884338384396e+01
3.024166318417579191e+01
3.010253746785028639e+01
2.947985558595093281e+01
3.195802770231080814e+01
3.077401034687703429e+01
2.879184049950013247e+01
2.938186679204523699e+01
2.968897458160759584e+01
2.996274523918697597e+01
2.949171689865382007e+01
2.865523995198770280e+01
2.701840248609671491e+01
2.752867839113390502e+01
2.769584836953280060e+01
2.905382931724374984e+01
3.192269042458223538e+01
3.144441783592166217e+01
3.540720988828509519e+01
2.751271684937168871e+01
2.890637515335659913e+01
2.542849462658699977e+01
2.898085250154785442e+01
3.030693817581402527e+01
3.067337357563362232e+01
3.271977951470891099e+01
