3.099069118499755859e+02
3.008855595713304751e+02
2.634366513938326761e+02
2.266740853389650852e+02
2.016684826499330541e+02
1.753728350058218268e+02
1.600764982078386538e+02
1.485965742205655147e+02
1.350449259868186402e+02
1.260548638920344615e+02
1.152528655824175843e+02
1.120663780621682122e+02
1.141988441995952570e+02
1.047315749128386244e+02
1.005669854038191176e+02
9.797987680487652540e+01
9.221340885188588743e+01
8.852680395197180019e+01
8.457282872303672150e+01
8.349507965936621190e+01
7.879936220393383906e+01
8.116384028896504788e+01
7.823440689168245399e+01
7.721893468454091192e+01
7.372609467610068634e+01
7.450493770911572255e+01
7.500682828186958773e+01
7.283675955938997504e+01
6.952266966132383175e+01
6.767228153909582034e+01
6.441722881534825262e+01
6.270798878459851267e+01
6.759976770887676878e+01
6.663689585466660503e+01
6.169195509678395695e+01
5.821189729514772182e+01
5.985486073338467605e+01
6.431521530656408459e+01
5.647327885995049002e+01
6.123502634086504059e+01
5.780301820461163231e+01
5.599691991628937870e+01
5.443540283519288892e+01
5.801305799569519195e+01
5.526560168031813447e+01
5.388096224572996817e+01
5.370802325920356424e+01
5.440336850765154963e+01
5.597881895044574918e+01
5.227982453909667271e+01
5.150439614606854377e+01
4.901271342329342673e+01
5.172281294364220372e+01
5.130090417527431157e+01
4.763698357745410306e+01
4.961589338338892929e+01
4.656078812590655502e+01
4.789384884716228186e+01
4.688399451306958099e+01
4.543380341716776627e+01
4.514344255689741914e+01
4.325959096136300275e+01
4.600815360205045579e+01
4.567116705964651402e+01
4.496176621608917401e+01
4.049490686951838114e+01
4.622135118490400174e+01
4.507819867652395374e+01
4.408012501475243283e+01
4.207903814938897824e+01
4.717185537457629607e+01
4.352130575266960477e+01
4.170285833095094574e+01
4.602836308919865616e+01
3.959276143261622138e+01
3.869783700004404636e+01
4.376302045018014297e+01
3.806427432508547071e+01
4.066021858088087981e+01
4.442677089701528104e+01
4.620105767266458940e+01
3.870082467261502046e+01
4.162489623446248288e+01
4.014772166494162065e+01
3.671594058999988874e+01
3.892427520907443039e+01
3.899093801168496753e+01
3.755134714477819813e+01
3.852303870114532458e+01
4.139956772901333437e+01
4.297662902075126112e+01
3.687237345654031628e+01
3.553852472131485030e+01
3.533195277478704810e+01
3.567790572712149100e+01
3.664451565342395156e+01
3.774532472824952123e+01
3.534113581737746301e+01
3.607761003948143497e+01
3.515002591819841626e+01
