3.083017962950247579e+02
2.762936310740242334e+02
2.375778218319541395e+02
1.985971040056462869e+02
1.728446571729336370e+02
1.496309970972830570e+02
1.337254225580315961e+02
1.252036626436557043e+02
1.102508831442448098e+02
1.120343971670719583e+02
1.048481051615107020e+02
9.379694643076400951e+01
9.427210426469993365e+01
8.812578420192875228e+01
8.527125321633633348e+01
8.146067796394838467e+01
8.027747330609817311e+01
7.641575255589178539e+01
7.279172144786656418e+01
6.926232204102633716e+01
7.071846542302627370e+01
6.859568946194229966e+01
6.433479563186043038e+01
6.479024965163560523e+01
6.120621873272790481e+01
6.399595651710242805e+01
6.136556531253614111e+01
6.101504893330802304e+01
6.115956039805161737e+01
5.831475941758407089e+01
6.152923219733767723e+01
5.274551091138381764e+01
5.199580524399964077e+01
5.257616847579241437e+01
5.443920749669884174e+01
5.146858404951486676e+01
5.520107311463495847e+01
5.141171169559858356e+01
5.070400196906417989e+01
5.030280835970103226e+01
4.887864437716746124e+01
5.002732063943182794e+01
4.871455481177881808e+01
4.827869175121798406e+01
4.885790192244346031e+01
4.650403012657723423e+01
4.277424534859016347e+01
5.124083704767171810e+01
4.425203093311242952e+01
4.262612900190186593e+01
4.228685111678831277e+01
4.434246908328686487e+01
4.184365004475353800e+01
4.465264742834526146e+01
4.128405120986246857e+01
4.170613644851578528e+01
4.089526145604619245e+01
3.980273016363556593e+01
3.965174353610702696e+01
3.994992979088721796e+01
4.316915661096572876e+01
4.154577692698316582e+01
3.621735284900108098e+01
4.104421928612112680e+01
3.879502615036323476e+01
3.625945982354426178e+01
4.187411687178918385e+01
4.192135825840353647e+01
4.145257764566711245e+01
3.858551159936781971e+01
3.786445656540798410e+01
4.153187816254576603e+01
3.689110833301879211e+01
3.589997006264346879e+01
3.568948318386635776e+01
3.926791767976437342e+01
3.986742345213193062e+01
3.899248986216316837e+01
3.437968456605721457e+01
3.816134745266005268e+01
3.799291920940778056e+01
3.848736476479915325e+01
3.461293130938769735e+01
3.465484339939920488e+01
3.321464816642086504e+01
3.266471958822674537e+01
3.410070863034989941e+01
3.358020143550739078e+01
3.661232707793252672e+01
3.533152829833895225e+01
2.961553095551262160e+01
3.713603629703410292e+01
3.464070353940216052e+01
3.287053087301421783e+01
3.083204377987231481e+01
3.301605841918298978e+01
3.208773488625448067e+01
3.045423999515890401e+01
3.288474643265294617e+01
2.924865603446960449e+01
3.487723537355835646e+01
2.807506881610691707e+01
2.952829275214881122e+01
3.322514911144100580e+01
3.463240726997977248e+01
3.575010433880208893e+01
3.160115286272171531e+01
3.232861633537805801e+01
3.007872428810387433e+01
3.296637533352389227e+01
3.282200787906293726e+01
3.305765952631743687e+01
3.300036793563798199e+01
3.054114723414705423e+01
3.463337846753889693e+01
2.757912448623724444e+01
2.980522800258725979e+01
3.065043017529604441e+01
2.821749307955914787e+01
3.174386969783850176e+01
2.666762350595485032e+01
2.851631734803405749e+01
2.761029367907005394e+01
2.831536263663168995e+01
3.595849993633247976e+01
3.186915275994797270e+01
3.021841226614009202e+01
2.982041806854002886e+01
2.729687262696829464e+01
2.496137910070475030e+01
2.524217833378161657e+01
3.000929831064235032e+01
2.668377569195819987e+01
3.075326538225363748e+01
3.127000867449052279e+01
2.655085876584053040e+01
2.836982107650467100e+01
3.171459191375308606e+01
2.760996656459674270e+01
2.884093128624017766e+01
3.135481853234140459e+01
3.074912560787814186e+01
2.954969504597591623e+01
2.684005468648079784e+01
2.900203464498296668e+01
3.074490107639491043e+01
2.948208504252963635e+01
2.737543881113766275e+01
2.689911021475206354e+01
2.648253263437260330e+01
